#	MarsGPU(280)						MarsCPU					
#	Prepro	Trans	Map	Group	Reduce	Other	All	Prepro	Trans	Map	Group	Reduce	Other	all
#	2       3       4       5       6       7       8       9       10      11      12      13	14	15
SM	288.03	127.84	6.42	0	0	97.06	519.35	134.47	0	130.95	0	0	206.39	471.81
MM	102.08	37.8	213.64	0	0	118.47	471.99	81.27	0	4699.8	0	0	49.19	4830.26
PCA	583.29	165.2	33.03	0	0	107.08	888.6	69.8	0	1356.28	0	0	15.82	1441.9
BS	585.99	181.17	123.8	0	0	139.82	1030.78	428.09	0	1813.85	0	0	189.62	2431.56
WC	134.71	5.644	470.82	1900.09	0	429.7	2940.96	2.954	0	602.68	1291.52	0	187.71	2084.86
SS	138.95	58.77	80.07	423.57	0	77.42	778.78	102.75	0	594.54	605.61	0	4.76	1307.66
PVR	727.42	117.21	79.54	922.51	0	235.74	2082.42	688.9	0	786.96	1030.47	0	131.35	2637.68
II	620.71	97.48	860.8	1873.25	0	276.02	3728.26	218	0	1192.2	1235.5	0	24.3	2670
LR	77.62	0.94	59.93	6.75	3.26	199.55	348.05	1.07	0	35.57	15.43	2.71	142.52	197.3
HT	102.2	0.9	238.3	31.55	2.3	102.76	478.01	0.03	0	21.51	33.95	2.28	92.49	150.26
PVC	294.48	69.5	180.6	744.14	54.36	280.72	1623.8	177.34	0	664.17	414.84	337.44	113.62	1707.41
KM	12.23	8.44	1204.14	667.79	2490.74	116.6	4499.94	11.45	0	1179.33	410.73	805.14	3.15	2409.8

