#	100	150	200	250	300	350	400	450
#MM	1	1.396551724	1.862068966	2.189189189	2.571428571	2.793103448	3.176470588	3.446808511
#PVC	1	1.003194888	1.012903226	1.039735099	1.053691275	1.082758621	1.094076655	1.097902098
#SS	1	1.603375527	2.192307692	2.70783848	3.023872679	5.816326531	7.6	7.972027972
#SM	1	1.126666667	1.175652174	1.209302326	1.23132969	1.247232472	1.275471698	1.295019157
#WC	1	1.064679772	1.166782488	1.257677903	1.313771518	1.386457473	1.443680138	1.501788909
#KM	1	1.145435244	1.290669856	1.38013245	1.492836676	1.53460972	1.590839695	1.691558442

#MEM=1100	SM	MM	BS	SS	PCA	MC
100	1	1	1	1	1	1
200	1.13580569339253	1.88703066076406	1.793780695		2.1030701754386	 1.87765	1.467220638	
300	1.16252338946806	2.55637982195846	2.35721747	3.05414012738854	2.648791	1.726205303
400	1.18018995929444	3.35314685314685	2.767696905	3.89837398373984	3.281413	1.890335741
500	1.18857611369227	3.96827586206897	3.028207704	4.58851674641148	3.706237	1.996997616
600	1.19379632171287	4.52358490566038	3.209195245	5.18378378378378	4.02346		2.029711519

