#	650	700	750	800	850	900	950	1000
#MM	1	1.01443299	1.012345679	1.016528926	1.01863354	1.025	1.029288703	1.033613445
#PVC	1	1.279279279	1.448979592	1.731707317	1.893333333	2.253968254	2.730769231	3.55
#SS	1	1.014925373	1.014925373	1.03030303	1.038167939	1.038167939	1.054263566	1.046153846
#SM	1	1.013565891	1.06300813	1.005769231	1.011605416	1.011605416	1.00965251	1.003838772
#WC	1	1.029607698	1.056188307	1.080808081	1.091836735	1.120870266	1.14863749	1.178813559
#KM	1	1.026506024	1.065	1.096525097	1.121052632	1.136	1.156037992	1.173553719

#CORE=600						
200	1	1	1	1	1	1
400	1.00275482093664	1.73387978142076	1.760981124	1.84543325526932	1.735790209	1.394251373
600	1.00054975261132	2.26967095851216	2.391318198	2.70790378006873	2.324605434	1.515744233
800	1.00275482093664	2.47310989867498	2.790004381	3.09019607843137	2.660645283	1.598835971
1000	1.00303113805456	2.5043409629045	 3.192895266	4.04102564102564	2.812109972	1.605159699
1200	1.00552486187845	2.50532964863798	3.392868098	4.28260869565217	2.822292098	1.611310003

