#       gtx280                   8800gtx                  cpu                    phoenix
#       -----------------       -----------------       ------------------      ------------------
#1      2       3       4       5       6       7       8       9       10      11      12      13
SM	266.06	372.13	519.35	265.33	416.89	588.5	171.13	332.13	471.81	451.99	698.97	901.31
MM	133.99	183.84	471.99	111.13	191.75	719	68.02	204.22	4830.26	63.08	286.64	9047.12
PCA	814.74	826.33	888.6	817.66	865.21	949.33	87.27	497.77	1441.9	189.95	1635.43	2639.2
BS	627.52	853.32	1208.93	796.92	877.85	1282.14	761.74	1220.36	2431.56	1138.42	1537.18	3124.74
WC	713.15	1527.34	2940.96	1127.06	2581.63	4565.17	875.23	1326.84	2084.86	3151.23	9969.51	20694.63
SS	176.83	239.83	778.78	157.73	331.75	1260.3	75.33	293.72	1307.66	195.38	1677.92	17668.779
PVR	1060.52	1483.96	2082.42	1051.92	1961.71	3332.9	673.22	1420.49	2637.68	2092.18	7269.73	15506.62
II	1226.11	2258.41	3728.26	1565.9	3460.61	6405.58	797.37	1511.04	2670	6896.5	27995.09	56288.55
LR	172.23	238.71	348.05	249.64	348.82	452.71	87.18	136.57	197.3	131.17	230.01	348.48
HT	184.88	284.97	478.01	246.28	362.07	540.36	53.44	85.1	150.26	86.45	147.64	297.04
PVC	709.24	1291.77	1623.8	1053.81	2128.93	2800.31	574.01	1134.94	1707.41	4942.034	10159.556	16816.3
KM	621.28	2153.08	4499.94	1807.4	8388.63	13782.98	278.27	1043.66	2409.8	503.45	2030.87	4530.94
