#size	pagable-d2h	pageable-h2d	pinned-d2h	pinned-h2d
10	11.288000	15.566999	3.399000	7.111000	
20	22.225000	30.388000	6.776000	14.194000	
30	33.063000	45.103001	10.154000	21.270000	
40	43.972000	59.968002	13.534000	28.352001	
50	57.999001	77.918999	16.912001	35.431000	
60	66.320000	90.208000	20.285999	42.507000	
70	76.744003	104.498001	23.863001	50.176003	
80	87.736000	119.386002	27.047001	56.676003	
90	109.379997	145.154999	30.622000	64.264999	
100	118.866997	158.292999	33.804001	70.837997	
110	120.908997	164.166992	37.169998	77.901001	
120	131.369995	178.550995	40.558998	85.002998	
130	142.651993	193.915985	43.875000	92.014000	
140	153.216003	208.102005	47.215000	99.445999	
150	164.882004	225.605011	50.539001	106.093002	
160	175.397003	238.200012	53.865002	113.125000	
170	188.959000	256.393005	57.189999	120.542999	
180	198.384995	269.083008	59.330002	126.116005	
190	208.468994	283.888977	63.909000	134.311996	
200	218.453003	297.356018	66.098000	140.285004	
210	230.584000	312.756989	70.571999	148.367004	
220	241.906006	329.013000	73.848000	155.727997	
230	251.337997	341.756989	77.128998	162.717987	
240	263.696991	358.078003	80.440002	169.355011	
250	278.697998	376.497986	83.723999	176.348999	
260	285.045990	387.289001	87.199997	183.557007	
270	296.993988	402.684998	90.458000	190.889008	
280	306.657990	416.546997	93.596001	197.355011	
290	321.868988	436.436981	97.095001	204.563004	
300	331.782990	449.872986	100.167000	211.346008	
310	343.567993	465.185974	103.430000	218.317001	
320	348.492004	473.605011	106.927002	225.527008	
330	361.433014	490.632996	110.030998	232.360001	
340	373.028015	506.093994	113.335999	239.356995	
350	384.101013	521.015991	117.098000	246.777985	
360	394.657013	535.778015	120.040001	253.466003	
370	407.369995	552.388977	123.258003	260.399994	
380	429.062988	579.166992	126.795998	268.027985	
390	425.225006	578.234009	130.393005	274.908997	
400	439.244995	596.598022	133.863998	282.088013	
410	448.635986	609.261963	136.931000	288.911011	
420	460.562988	625.333008	140.354004	296.005981	
430	470.308014	638.837036	143.462006	303.202026	
440	482.548004	655.427002	146.944000	310.011993	
450	493.170013	670.002014	149.979004	317.148987	
460	499.752014	680.408997	153.479004	324.356995	
470	513.984009	698.627014	156.764999	330.996002	
480	524.612976	712.011963	160.324997	338.578003	
490	536.289978	728.193970	164.044006	346.013000	
500	568.117004	763.250977	166.938995	352.252991	
510	557.695984	757.294006	170.367004	359.731018	
520	584.286011	788.827026	174.046997	367.141998	
530	577.406006	784.429016	176.649002	373.076996	
540	590.875000	803.212036	180.626007	381.109009	
550	601.960022	817.916016	183.804001	388.003998	
560	614.281006	832.601990	186.570007	394.656006	
570	624.242981	847.643982	189.768997	401.578979	
580	657.143982	884.817017	193.910004	408.837006	
590	643.695984	874.760986	196.033997	414.765991	
